(kicad_pcb (version 20171130) (host pcbnew "(5.1.5)-3")

  (general
    (thickness 1.6)
    (drawings 3)
    (tracks 2)
    (zones 0)
    (modules 158)
    (nets 184)
  )

  (page A4)
  (layers
    (0 F.Cu signal)
    (31 B.Cu signal)
    (32 B.Adhes user)
    (33 F.Adhes user)
    (34 B.Paste user)
    (35 F.Paste user)
    (36 B.SilkS user)
    (37 F.SilkS user)
    (38 B.Mask user)
    (39 F.Mask user)
    (40 Dwgs.User user hide)
    (41 Cmts.User user)
    (42 Eco1.User user)
    (43 Eco2.User user)
    (44 Edge.Cuts user)
    (45 Margin user)
    (46 B.CrtYd user)
    (47 F.CrtYd user)
    (48 B.Fab user)
    (49 F.Fab user hide)
  )

  (setup
    (last_trace_width 0.25)
    (trace_clearance 0.2)
    (zone_clearance 0.508)
    (zone_45_only no)
    (trace_min 0.2)
    (via_size 0.8)
    (via_drill 0.4)
    (via_min_size 0.4)
    (via_min_drill 0.3)
    (uvia_size 0.3)
    (uvia_drill 0.1)
    (uvias_allowed no)
    (uvia_min_size 0.2)
    (uvia_min_drill 0.1)
    (edge_width 0.1)
    (segment_width 0.2)
    (pcb_text_width 0.3)
    (pcb_text_size 1.5 1.5)
    (mod_edge_width 0.15)
    (mod_text_size 1 1)
    (mod_text_width 0.15)
    (pad_size 1.524 1.524)
    (pad_drill 0.762)
    (pad_to_mask_clearance 0)
    (aux_axis_origin 0 0)
    (visible_elements 7FFFF77F)
    (pcbplotparams
      (layerselection 0x010fc_ffffffff)
      (usegerberextensions false)
      (usegerberattributes false)
      (usegerberadvancedattributes false)
      (creategerberjobfile false)
      (excludeedgelayer true)
      (linewidth 0.100000)
      (plotframeref false)
      (viasonmask false)
      (mode 1)
      (useauxorigin false)
      (hpglpennumber 1)
      (hpglpenspeed 20)
      (hpglpendiameter 15.000000)
      (psnegative false)
      (psa4output false)
      (plotreference true)
      (plotvalue true)
      (plotinvisibletext false)
      (padsonsilk false)
      (subtractmaskfromsilk false)
      (outputformat 1)
      (mirror false)
      (drillshape 1)
      (scaleselection 1)
      (outputdirectory ""))
  )

  (net 0 "")
  (net 1 GND)
  (net 2 /5V)
  (net 3 VCC)
  (net 4 /hdmitx1/DVDD1V8)
  (net 5 /hdmitx1/DVDD1V8_FILT_DVDD)
  (net 6 /hdmitx1/DVDD3V3_FILT_DVDD_3V)
  (net 7 /hdmitx1/DVDD1V8_FILT_PVDD)
  (net 8 /hdmitx1/DVDD1V8_FILT_AVDD)
  (net 9 GNDREF)
  (net 10 "Net-(C29-Pad1)")
  (net 11 /fpga1/VCCINT)
  (net 12 /fpga1/VCCD_PLL)
  (net 13 /fpga1/VCCA)
  (net 14 "Net-(C77-Pad1)")
  (net 15 /input2/AudioR)
  (net 16 "Net-(C79-Pad1)")
  (net 17 /input2/AudioL)
  (net 18 "Net-(D1-Pad1)")
  (net 19 /hdmitx1/TX2-)
  (net 20 /hdmitx1/TX2+)
  (net 21 /hdmitx1/TX1+)
  (net 22 /hdmitx1/TX1-)
  (net 23 /hdmitx1/TXC-)
  (net 24 /hdmitx1/TXC+)
  (net 25 /hdmitx1/TX0-)
  (net 26 /hdmitx1/TX0+)
  (net 27 /hdmitx1/5V_FUSED)
  (net 28 /hdmitx1/DDCSCL)
  (net 29 /hdmitx1/DDCSDA)
  (net 30 /hdmitx1/HPD)
  (net 31 "Net-(JP1-Pad1)")
  (net 32 "Net-(JP2-Pad1)")
  (net 33 "Net-(JP3-Pad2)")
  (net 34 "Net-(JP4-Pad1)")
  (net 35 "Net-(JP5-Pad2)")
  (net 36 "Net-(JP6-Pad1)")
  (net 37 /fpga1/TCK)
  (net 38 /fpga1/TDO)
  (net 39 /fpga1/TMS)
  (net 40 /fpga1/TDI)
  (net 41 "Net-(Q1-Pad3)")
  (net 42 "Net-(Q1-Pad1)")
  (net 43 "Net-(Q2-Pad1)")
  (net 44 "Net-(Q2-Pad3)")
  (net 45 /fpga1/HDMITX_INT_N)
  (net 46 "Net-(R2-Pad1)")
  (net 47 "Net-(R6-Pad2)")
  (net 48 "Net-(R7-Pad2)")
  (net 49 "Net-(R8-Pad1)")
  (net 50 /fpga1/SDA)
  (net 51 /fpga1/SCL)
  (net 52 "Net-(R14-Pad2)")
  (net 53 "Net-(R15-Pad2)")
  (net 54 /fpga1/DATA0)
  (net 55 "Net-(R16-Pad1)")
  (net 56 "Net-(R18-Pad1)")
  (net 57 /fpga1/CDD)
  (net 58 /fpga1/RST_N)
  (net 59 "Net-(R26-Pad2)")
  (net 60 "Net-(R27-Pad2)")
  (net 61 "Net-(R28-Pad2)")
  (net 62 "Net-(R29-Pad2)")
  (net 63 /fpga1/HDMITX_HSYNC)
  (net 64 /hdmitx1/DE)
  (net 65 /fpga1/B2)
  (net 66 /fpga1/B3)
  (net 67 /fpga1/B4)
  (net 68 /fpga1/B0)
  (net 69 /fpga1/B1)
  (net 70 /fpga1/G2)
  (net 71 /fpga1/HDMITX_PCLK)
  (net 72 /fpga1/G3)
  (net 73 /fpga1/G4)
  (net 74 /fpga1/G0)
  (net 75 /fpga1/G1)
  (net 76 /fpga1/R2)
  (net 77 /fpga1/R3)
  (net 78 /fpga1/R4)
  (net 79 /fpga1/R0)
  (net 80 /fpga1/R1)
  (net 81 /hdmitx1/I2S_WS)
  (net 82 /hdmitx1/I2S_BCK)
  (net 83 /hdmitx1/I2S_DATA)
  (net 84 /fpga1/HDMITX_VSYNC)
  (net 85 "Net-(U19-Pad1)")
  (net 86 "Net-(U11-Pad5)")
  (net 87 "Net-(U10-Pad9)")
  (net 88 "Net-(U10-Pad4)")
  (net 89 "Net-(U10-Pad5)")
  (net 90 "Net-(U14-Pad4)")
  (net 91 "Net-(U19-Pad3)")
  (net 92 /input1/SPBG)
  (net 93 "Net-(U18-Pad10)")
  (net 94 "Net-(U18-Pad8)")
  (net 95 "Net-(U18-Pad7)")
  (net 96 "Net-(U18-Pad6)")
  (net 97 "Net-(U18-Pad5)")
  (net 98 "Net-(U18-Pad4)")
  (net 99 "Net-(U18-Pad3)")
  (net 100 "Net-(U11-Pad8)")
  (net 101 "Net-(U10-Pad3)")
  (net 102 "Net-(U14-Pad3)")
  (net 103 "Net-(U14-Pad6)")
  (net 104 "Net-(U14-Pad8)")
  (net 105 /input1/HSn)
  (net 106 "Net-(U18-Pad9)")
  (net 107 "Net-(U4-PadB15)")
  (net 108 "Net-(U4-PadB16)")
  (net 109 "Net-(U10-Pad7)")
  (net 110 "Net-(U11-Pad3)")
  (net 111 "Net-(U11-Pad7)")
  (net 112 /input1/CEK)
  (net 113 "Net-(U11-Pad4)")
  (net 114 "Net-(U10-Pad8)")
  (net 115 "Net-(U10-Pad6)")
  (net 116 "Net-(U14-Pad5)")
  (net 117 "Net-(U14-Pad7)")
  (net 118 "Net-(U14-Pad9)")
  (net 119 "Net-(U14-Pad10)")
  (net 120 "Net-(U4-PadC15)")
  (net 121 "Net-(U4-PadC16)")
  (net 122 "Net-(U10-Pad10)")
  (net 123 "Net-(U11-Pad6)")
  (net 124 /input2/HSn)
  (net 125 "Net-(U5-Pad15)")
  (net 126 "Net-(U5-Pad16)")
  (net 127 "Net-(U6-Pad6)")
  (net 128 "Net-(U7-Pad1)")
  (net 129 "Net-(U7-Pad2)")
  (net 130 "Net-(U7-Pad6)")
  (net 131 /fpga1/SI_CLK1)
  (net 132 /fpga1/SI_CLK0)
  (net 133 /fpga1/DCKFB)
  (net 134 /fpga1/DCK)
  (net 135 /fpga1/A7)
  (net 136 /fpga1/A6)
  (net 137 /fpga1/A5)
  (net 138 /fpga1/A4)
  (net 139 /fpga1/A3)
  (net 140 /fpga1/A2)
  (net 141 /fpga1/A1)
  (net 142 /fpga1/A0)
  (net 143 /fpga1/A8)
  (net 144 /fpga1/A9)
  (net 145 /fpga1/A10)
  (net 146 /fpga1/A11)
  (net 147 /fpga1/A12)
  (net 148 /fpga1/A13)
  (net 149 /fpga1/A14)
  (net 150 /fpga1/A15)
  (net 151 /fpga1/CEK)
  (net 152 /fpga1/SPBG)
  (net 153 /fpga1/WR_N)
  (net 154 /fpga1/A20)
  (net 155 /fpga1/A19)
  (net 156 /fpga1/A18)
  (net 157 /fpga1/A17)
  (net 158 /fpga1/A16)
  (net 159 /fpga1/ASDO)
  (net 160 /fpga1/nCSO)
  (net 161 /fpga1/DCLK)
  (net 162 /fpga1/CS)
  (net 163 /fpga1/VD0)
  (net 164 /fpga1/VD1)
  (net 165 /fpga1/VD2)
  (net 166 /fpga1/VD3)
  (net 167 /fpga1/VD4)
  (net 168 /fpga1/VD5)
  (net 169 /fpga1/VD6)
  (net 170 /fpga1/VD7)
  (net 171 /fpga1/DDIR)
  (net 172 /fpga1/D7)
  (net 173 /fpga1/D6)
  (net 174 /fpga1/D5)
  (net 175 /fpga1/D4)
  (net 176 /fpga1/D3)
  (net 177 /fpga1/D2)
  (net 178 /fpga1/D1)
  (net 179 /fpga1/D0)
  (net 180 "Net-(U4-PadC19)")
  (net 181 "Net-(U4-PadC18)")
  (net 182 "Net-(U4-PadB18)")
  (net 183 "Net-(U4-PadB17)")

  (net_class Default "This is the default net class."
    (clearance 0.2)
    (trace_width 0.25)
    (via_dia 0.8)
    (via_drill 0.4)
    (uvia_dia 0.3)
    (uvia_drill 0.1)
    (add_net /5V)
    (add_net /fpga1/A0)
    (add_net /fpga1/A1)
    (add_net /fpga1/A10)
    (add_net /fpga1/A11)
    (add_net /fpga1/A12)
    (add_net /fpga1/A13)
    (add_net /fpga1/A14)
    (add_net /fpga1/A15)
    (add_net /fpga1/A16)
    (add_net /fpga1/A17)
    (add_net /fpga1/A18)
    (add_net /fpga1/A19)
    (add_net /fpga1/A2)
    (add_net /fpga1/A20)
    (add_net /fpga1/A3)
    (add_net /fpga1/A4)
    (add_net /fpga1/A5)
    (add_net /fpga1/A6)
    (add_net /fpga1/A7)
    (add_net /fpga1/A8)
    (add_net /fpga1/A9)
    (add_net /fpga1/ASDO)
    (add_net /fpga1/B0)
    (add_net /fpga1/B1)
    (add_net /fpga1/B2)
    (add_net /fpga1/B3)
    (add_net /fpga1/B4)
    (add_net /fpga1/CDD)
    (add_net /fpga1/CEK)
    (add_net /fpga1/CS)
    (add_net /fpga1/D0)
    (add_net /fpga1/D1)
    (add_net /fpga1/D2)
    (add_net /fpga1/D3)
    (add_net /fpga1/D4)
    (add_net /fpga1/D5)
    (add_net /fpga1/D6)
    (add_net /fpga1/D7)
    (add_net /fpga1/DATA0)
    (add_net /fpga1/DCK)
    (add_net /fpga1/DCKFB)
    (add_net /fpga1/DCLK)
    (add_net /fpga1/DDIR)
    (add_net /fpga1/G0)
    (add_net /fpga1/G1)
    (add_net /fpga1/G2)
    (add_net /fpga1/G3)
    (add_net /fpga1/G4)
    (add_net /fpga1/HDMITX_HSYNC)
    (add_net /fpga1/HDMITX_INT_N)
    (add_net /fpga1/HDMITX_PCLK)
    (add_net /fpga1/HDMITX_VSYNC)
    (add_net /fpga1/R0)
    (add_net /fpga1/R1)
    (add_net /fpga1/R2)
    (add_net /fpga1/R3)
    (add_net /fpga1/R4)
    (add_net /fpga1/RST_N)
    (add_net /fpga1/SCL)
    (add_net /fpga1/SDA)
    (add_net /fpga1/SI_CLK0)
    (add_net /fpga1/SI_CLK1)
    (add_net /fpga1/SPBG)
    (add_net /fpga1/TCK)
    (add_net /fpga1/TDI)
    (add_net /fpga1/TDO)
    (add_net /fpga1/TMS)
    (add_net /fpga1/VCCA)
    (add_net /fpga1/VCCD_PLL)
    (add_net /fpga1/VCCINT)
    (add_net /fpga1/VD0)
    (add_net /fpga1/VD1)
    (add_net /fpga1/VD2)
    (add_net /fpga1/VD3)
    (add_net /fpga1/VD4)
    (add_net /fpga1/VD5)
    (add_net /fpga1/VD6)
    (add_net /fpga1/VD7)
    (add_net /fpga1/WR_N)
    (add_net /fpga1/nCSO)
    (add_net /hdmitx1/5V_FUSED)
    (add_net /hdmitx1/DDCSCL)
    (add_net /hdmitx1/DDCSDA)
    (add_net /hdmitx1/DE)
    (add_net /hdmitx1/DVDD1V8)
    (add_net /hdmitx1/DVDD1V8_FILT_AVDD)
    (add_net /hdmitx1/DVDD1V8_FILT_DVDD)
    (add_net /hdmitx1/DVDD1V8_FILT_PVDD)
    (add_net /hdmitx1/DVDD3V3_FILT_DVDD_3V)
    (add_net /hdmitx1/HPD)
    (add_net /hdmitx1/I2S_BCK)
    (add_net /hdmitx1/I2S_DATA)
    (add_net /hdmitx1/I2S_WS)
    (add_net /hdmitx1/TX0+)
    (add_net /hdmitx1/TX0-)
    (add_net /hdmitx1/TX1+)
    (add_net /hdmitx1/TX1-)
    (add_net /hdmitx1/TX2+)
    (add_net /hdmitx1/TX2-)
    (add_net /hdmitx1/TXC+)
    (add_net /hdmitx1/TXC-)
    (add_net /input1/CEK)
    (add_net /input1/HSn)
    (add_net /input1/SPBG)
    (add_net /input2/AudioL)
    (add_net /input2/AudioR)
    (add_net /input2/HSn)
    (add_net GND)
    (add_net GNDREF)
    (add_net "Net-(C29-Pad1)")
    (add_net "Net-(C77-Pad1)")
    (add_net "Net-(C79-Pad1)")
    (add_net "Net-(D1-Pad1)")
    (add_net "Net-(JP1-Pad1)")
    (add_net "Net-(JP2-Pad1)")
    (add_net "Net-(JP3-Pad2)")
    (add_net "Net-(JP4-Pad1)")
    (add_net "Net-(JP5-Pad2)")
    (add_net "Net-(JP6-Pad1)")
    (add_net "Net-(Q1-Pad1)")
    (add_net "Net-(Q1-Pad3)")
    (add_net "Net-(Q2-Pad1)")
    (add_net "Net-(Q2-Pad3)")
    (add_net "Net-(R14-Pad2)")
    (add_net "Net-(R15-Pad2)")
    (add_net "Net-(R16-Pad1)")
    (add_net "Net-(R18-Pad1)")
    (add_net "Net-(R2-Pad1)")
    (add_net "Net-(R26-Pad2)")
    (add_net "Net-(R27-Pad2)")
    (add_net "Net-(R28-Pad2)")
    (add_net "Net-(R29-Pad2)")
    (add_net "Net-(R6-Pad2)")
    (add_net "Net-(R7-Pad2)")
    (add_net "Net-(R8-Pad1)")
    (add_net "Net-(U10-Pad10)")
    (add_net "Net-(U10-Pad3)")
    (add_net "Net-(U10-Pad4)")
    (add_net "Net-(U10-Pad5)")
    (add_net "Net-(U10-Pad6)")
    (add_net "Net-(U10-Pad7)")
    (add_net "Net-(U10-Pad8)")
    (add_net "Net-(U10-Pad9)")
    (add_net "Net-(U11-Pad3)")
    (add_net "Net-(U11-Pad4)")
    (add_net "Net-(U11-Pad5)")
    (add_net "Net-(U11-Pad6)")
    (add_net "Net-(U11-Pad7)")
    (add_net "Net-(U11-Pad8)")
    (add_net "Net-(U14-Pad10)")
    (add_net "Net-(U14-Pad3)")
    (add_net "Net-(U14-Pad4)")
    (add_net "Net-(U14-Pad5)")
    (add_net "Net-(U14-Pad6)")
    (add_net "Net-(U14-Pad7)")
    (add_net "Net-(U14-Pad8)")
    (add_net "Net-(U14-Pad9)")
    (add_net "Net-(U18-Pad10)")
    (add_net "Net-(U18-Pad3)")
    (add_net "Net-(U18-Pad4)")
    (add_net "Net-(U18-Pad5)")
    (add_net "Net-(U18-Pad6)")
    (add_net "Net-(U18-Pad7)")
    (add_net "Net-(U18-Pad8)")
    (add_net "Net-(U18-Pad9)")
    (add_net "Net-(U19-Pad1)")
    (add_net "Net-(U19-Pad3)")
    (add_net "Net-(U4-PadB15)")
    (add_net "Net-(U4-PadB16)")
    (add_net "Net-(U4-PadB17)")
    (add_net "Net-(U4-PadB18)")
    (add_net "Net-(U4-PadC15)")
    (add_net "Net-(U4-PadC16)")
    (add_net "Net-(U4-PadC18)")
    (add_net "Net-(U4-PadC19)")
    (add_net "Net-(U5-Pad15)")
    (add_net "Net-(U5-Pad16)")
    (add_net "Net-(U6-Pad6)")
    (add_net "Net-(U7-Pad1)")
    (add_net "Net-(U7-Pad2)")
    (add_net "Net-(U7-Pad6)")
    (add_net VCC)
  )

  (module custom_components:SM0603_Capa_libcms (layer F.Cu) (tedit 5692B475) (tstamp 5E1CF9C9)
    (at 172.826209 227.050711 270)
    (path /57E75491)
    (attr smd)
    (fp_text reference C1 (at -1.778 0) (layer F.SilkS)
      (effects (font (size 0.5842 0.508) (thickness 0.127)))
    )
    (fp_text value 10u (at 0 0) (layer F.SilkS)
      (effects (font (size 0.508 0.4572) (thickness 0.1143)))
    )
    (fp_line (start -1.23952 0.7366) (end -1.23952 -0.7366) (layer F.SilkS) (width 0.11938))
    (fp_line (start 1.23952 -0.7366) (end 1.23952 0.7366) (layer F.SilkS) (width 0.11938))
    (fp_line (start -1.19888 -0.73406) (end -0.50038 -0.73406) (layer F.SilkS) (width 0.11938))
    (fp_line (start 0.50038 -0.73406) (end 1.19888 -0.73406) (layer F.SilkS) (width 0.11938))
    (fp_line (start -0.50038 0.73406) (end -1.19888 0.73406) (layer F.SilkS) (width 0.11938))
    (fp_line (start 0.50038 0.73406) (end 1.19888 0.73406) (layer F.SilkS) (width 0.11938))
    (pad 2 smd rect (at 0.762 0 270) (size 0.635 1.143) (layers F.Cu F.Paste F.Mask)
      (net 1 GND))
    (pad 1 smd rect (at -0.762 0 270) (size 0.635 1.143) (layers F.Cu F.Paste F.Mask)
      (net 2 /5V))
    (model smd\capacitors\C0603.wrl
      (offset (xyz 0 0 0.02539999961853028))
      (scale (xyz 0.5 0.5 0.5))
      (rotate (xyz 0 0 0))
    )
  )

  (module custom_components:SM0603_Capa_libcms (layer F.Cu) (tedit 5692B475) (tstamp 5E1CF9D5)
    (at 175.416209 227.050711 270)
    (path /57E7548A)
    (attr smd)
    (fp_text reference C2 (at -1.778 0) (layer F.SilkS)
      (effects (font (size 0.5842 0.508) (thickness 0.127)))
    )
    (fp_text value 10u (at 0 0) (layer F.SilkS)
      (effects (font (size 0.508 0.4572) (thickness 0.1143)))
    )
    (fp_line (start 0.50038 0.73406) (end 1.19888 0.73406) (layer F.SilkS) (width 0.11938))
    (fp_line (start -0.50038 0.73406) (end -1.19888 0.73406) (layer F.SilkS) (width 0.11938))
    (fp_line (start 0.50038 -0.73406) (end 1.19888 -0.73406) (layer F.SilkS) (width 0.11938))
    (fp_line (start -1.19888 -0.73406) (end -0.50038 -0.73406) (layer F.SilkS) (width 0.11938))
    (fp_line (start 1.23952 -0.7366) (end 1.23952 0.7366) (layer F.SilkS) (width 0.11938))
    (fp_line (start -1.23952 0.7366) (end -1.23952 -0.7366) (layer F.SilkS) (width 0.11938))
    (pad 1 smd rect (at -0.762 0 270) (size 0.635 1.143) (layers F.Cu F.Paste F.Mask)
      (net 3 VCC))
    (pad 2 smd rect (at 0.762 0 270) (size 0.635 1.143) (layers F.Cu F.Paste F.Mask)
      (net 1 GND))
    (model smd\capacitors\C0603.wrl
      (offset (xyz 0 0 0.02539999961853028))
      (scale (xyz 0.5 0.5 0.5))
      (rotate (xyz 0 0 0))
    )
  )

  (module custom_components:SM0603_Capa_libcms (layer F.Cu) (tedit 5692B475) (tstamp 5E1CF9E1)
    (at 157.996209 179.810711 270)
    (path /54FF6758/5501E4DA)
    (attr smd)
    (fp_text reference C3 (at -1.778 0) (layer F.SilkS)
      (effects (font (size 0.5842 0.508) (thickness 0.127)))
    )
    (fp_text value 0.1u (at 0 0) (layer F.SilkS)
      (effects (font (size 0.508 0.4572) (thickness 0.1143)))
    )
    (fp_line (start -1.23952 0.7366) (end -1.23952 -0.7366) (layer F.SilkS) (width 0.11938))
    (fp_line (start 1.23952 -0.7366) (end 1.23952 0.7366) (layer F.SilkS) (width 0.11938))
    (fp_line (start -1.19888 -0.73406) (end -0.50038 -0.73406) (layer F.SilkS) (width 0.11938))
    (fp_line (start 0.50038 -0.73406) (end 1.19888 -0.73406) (layer F.SilkS) (width 0.11938))
    (fp_line (start -0.50038 0.73406) (end -1.19888 0.73406) (layer F.SilkS) (width 0.11938))
    (fp_line (start 0.50038 0.73406) (end 1.19888 0.73406) (layer F.SilkS) (width 0.11938))
    (pad 2 smd rect (at 0.762 0 270) (size 0.635 1.143) (layers F.Cu F.Paste F.Mask)
      (net 1 GND))
    (pad 1 smd rect (at -0.762 0 270) (size 0.635 1.143) (layers F.Cu F.Paste F.Mask)
      (net 4 /hdmitx1/DVDD1V8))
    (model smd\capacitors\C0603.wrl
      (offset (xyz 0 0 0.02539999961853028))
      (scale (xyz 0.5 0.5 0.5))
      (rotate (xyz 0 0 0))
    )
  )

  (module custom_components:SM0603_Capa_libcms (layer F.Cu) (tedit 5692B475) (tstamp 5E1CF9ED)
    (at 159.466209 189.450711 270)
    (path /54FF6758/5501F631)
    (attr smd)
    (fp_text reference C4 (at -1.778 0) (layer F.SilkS)
      (effects (font (size 0.5842 0.508) (thickness 0.127)))
    )
    (fp_text value 0.1u (at 0 0) (layer F.SilkS)
      (effects (font (size 0.508 0.4572) (thickness 0.1143)))
    )
    (fp_line (start -1.23952 0.7366) (end -1.23952 -0.7366) (layer F.SilkS) (width 0.11938))
    (fp_line (start 1.23952 -0.7366) (end 1.23952 0.7366) (layer F.SilkS) (width 0.11938))
    (fp_line (start -1.19888 -0.73406) (end -0.50038 -0.73406) (layer F.SilkS) (width 0.11938))
    (fp_line (start 0.50038 -0.73406) (end 1.19888 -0.73406) (layer F.SilkS) (width 0.11938))
    (fp_line (start -0.50038 0.73406) (end -1.19888 0.73406) (layer F.SilkS) (width 0.11938))
    (fp_line (start 0.50038 0.73406) (end 1.19888 0.73406) (layer F.SilkS) (width 0.11938))
    (pad 2 smd rect (at 0.762 0 270) (size 0.635 1.143) (layers F.Cu F.Paste F.Mask)
      (net 1 GND))
    (pad 1 smd rect (at -0.762 0 270) (size 0.635 1.143) (layers F.Cu F.Paste F.Mask)
      (net 3 VCC))
    (model smd\capacitors\C0603.wrl
      (offset (xyz 0 0 0.02539999961853028))
      (scale (xyz 0.5 0.5 0.5))
      (rotate (xyz 0 0 0))
    )
  )

  (module custom_components:SM0603_Capa_libcms (layer F.Cu) (tedit 5692B475) (tstamp 5E1CF9F9)
    (at 161.466209 193.040711 270)
    (path /54FF6758/5A3CF584)
    (attr smd)
    (fp_text reference C5 (at -1.778 0) (layer F.SilkS)
      (effects (font (size 0.5842 0.508) (thickness 0.127)))
    )
    (fp_text value 10u (at 0 0) (layer F.SilkS)
      (effects (font (size 0.508 0.4572) (thickness 0.1143)))
    )
    (fp_line (start 0.50038 0.73406) (end 1.19888 0.73406) (layer F.SilkS) (width 0.11938))
    (fp_line (start -0.50038 0.73406) (end -1.19888 0.73406) (layer F.SilkS) (width 0.11938))
    (fp_line (start 0.50038 -0.73406) (end 1.19888 -0.73406) (layer F.SilkS) (width 0.11938))
    (fp_line (start -1.19888 -0.73406) (end -0.50038 -0.73406) (layer F.SilkS) (width 0.11938))
    (fp_line (start 1.23952 -0.7366) (end 1.23952 0.7366) (layer F.SilkS) (width 0.11938))
    (fp_line (start -1.23952 0.7366) (end -1.23952 -0.7366) (layer F.SilkS) (width 0.11938))
    (pad 1 smd rect (at -0.762 0 270) (size 0.635 1.143) (layers F.Cu F.Paste F.Mask)
      (net 5 /hdmitx1/DVDD1V8_FILT_DVDD))
    (pad 2 smd rect (at 0.762 0 270) (size 0.635 1.143) (layers F.Cu F.Paste F.Mask)
      (net 1 GND))
    (model smd\capacitors\C0603.wrl
      (offset (xyz 0 0 0.02539999961853028))
      (scale (xyz 0.5 0.5 0.5))
      (rotate (xyz 0 0 0))
    )
  )

  (module custom_components:SM0603_Capa_libcms (layer F.Cu) (tedit 5692B475) (tstamp 5E1CFA05)
    (at 161.466209 196.630711 270)
    (path /54FF6758/5501F48F)
    (attr smd)
    (fp_text reference C6 (at -1.778 0) (layer F.SilkS)
      (effects (font (size 0.5842 0.508) (thickness 0.127)))
    )
    (fp_text value 0.1u (at 0 0) (layer F.SilkS)
      (effects (font (size 0.508 0.4572) (thickness 0.1143)))
    )
    (fp_line (start -1.23952 0.7366) (end -1.23952 -0.7366) (layer F.SilkS) (width 0.11938))
    (fp_line (start 1.23952 -0.7366) (end 1.23952 0.7366) (layer F.SilkS) (width 0.11938))
    (fp_line (start -1.19888 -0.73406) (end -0.50038 -0.73406) (layer F.SilkS) (width 0.11938))
    (fp_line (start 0.50038 -0.73406) (end 1.19888 -0.73406) (layer F.SilkS) (width 0.11938))
    (fp_line (start -0.50038 0.73406) (end -1.19888 0.73406) (layer F.SilkS) (width 0.11938))
    (fp_line (start 0.50038 0.73406) (end 1.19888 0.73406) (layer F.SilkS) (width 0.11938))
    (pad 2 smd rect (at 0.762 0 270) (size 0.635 1.143) (layers F.Cu F.Paste F.Mask)
      (net 1 GND))
    (pad 1 smd rect (at -0.762 0 270) (size 0.635 1.143) (layers F.Cu F.Paste F.Mask)
      (net 5 /hdmitx1/DVDD1V8_FILT_DVDD))
    (model smd\capacitors\C0603.wrl
      (offset (xyz 0 0 0.02539999961853028))
      (scale (xyz 0.5 0.5 0.5))
      (rotate (xyz 0 0 0))
    )
  )

  (module custom_components:SM0603_Capa_libcms (layer F.Cu) (tedit 5692B475) (tstamp 5E1CFA11)
    (at 158.876209 193.040711 270)
    (path /54FF6758/5501F8C0)
    (attr smd)
    (fp_text reference C7 (at -1.778 0) (layer F.SilkS)
      (effects (font (size 0.5842 0.508) (thickness 0.127)))
    )
    (fp_text value 0.1u (at 0 0) (layer F.SilkS)
      (effects (font (size 0.508 0.4572) (thickness 0.1143)))
    )
    (fp_line (start -1.23952 0.7366) (end -1.23952 -0.7366) (layer F.SilkS) (width 0.11938))
    (fp_line (start 1.23952 -0.7366) (end 1.23952 0.7366) (layer F.SilkS) (width 0.11938))
    (fp_line (start -1.19888 -0.73406) (end -0.50038 -0.73406) (layer F.SilkS) (width 0.11938))
    (fp_line (start 0.50038 -0.73406) (end 1.19888 -0.73406) (layer F.SilkS) (width 0.11938))
    (fp_line (start -0.50038 0.73406) (end -1.19888 0.73406) (layer F.SilkS) (width 0.11938))
    (fp_line (start 0.50038 0.73406) (end 1.19888 0.73406) (layer F.SilkS) (width 0.11938))
    (pad 2 smd rect (at 0.762 0 270) (size 0.635 1.143) (layers F.Cu F.Paste F.Mask)
      (net 1 GND))
    (pad 1 smd rect (at -0.762 0 270) (size 0.635 1.143) (layers F.Cu F.Paste F.Mask)
      (net 5 /hdmitx1/DVDD1V8_FILT_DVDD))
    (model smd\capacitors\C0603.wrl
      (offset (xyz 0 0 0.02539999961853028))
      (scale (xyz 0.5 0.5 0.5))
      (rotate (xyz 0 0 0))
    )
  )

  (module custom_components:SM0603_Capa_libcms (layer F.Cu) (tedit 5692B475) (tstamp 5E1CFA1D)
    (at 156.286209 183.400711 270)
    (path /54FF6758/5A3CCDC1)
    (attr smd)
    (fp_text reference C8 (at -1.778 0) (layer F.SilkS)
      (effects (font (size 0.5842 0.508) (thickness 0.127)))
    )
    (fp_text value 10u (at 0 0) (layer F.SilkS)
      (effects (font (size 0.508 0.4572) (thickness 0.1143)))
    )
    (fp_line (start -1.23952 0.7366) (end -1.23952 -0.7366) (layer F.SilkS) (width 0.11938))
    (fp_line (start 1.23952 -0.7366) (end 1.23952 0.7366) (layer F.SilkS) (width 0.11938))
    (fp_line (start -1.19888 -0.73406) (end -0.50038 -0.73406) (layer F.SilkS) (width 0.11938))
    (fp_line (start 0.50038 -0.73406) (end 1.19888 -0.73406) (layer F.SilkS) (width 0.11938))
    (fp_line (start -0.50038 0.73406) (end -1.19888 0.73406) (layer F.SilkS) (width 0.11938))
    (fp_line (start 0.50038 0.73406) (end 1.19888 0.73406) (layer F.SilkS) (width 0.11938))
    (pad 2 smd rect (at 0.762 0 270) (size 0.635 1.143) (layers F.Cu F.Paste F.Mask)
      (net 1 GND))
    (pad 1 smd rect (at -0.762 0 270) (size 0.635 1.143) (layers F.Cu F.Paste F.Mask)
      (net 6 /hdmitx1/DVDD3V3_FILT_DVDD_3V))
    (model smd\capacitors\C0603.wrl
      (offset (xyz 0 0 0.02539999961853028))
      (scale (xyz 0.5 0.5 0.5))
      (rotate (xyz 0 0 0))
    )
  )

  (module custom_components:SM0603_Capa_libcms (layer F.Cu) (tedit 5692B475) (tstamp 5E1CFA29)
    (at 170.236209 209.510711 270)
    (path /54FF6758/5501F454)
    (attr smd)
    (fp_text reference C9 (at -1.778 0) (layer F.SilkS)
      (effects (font (size 0.5842 0.508) (thickness 0.127)))
    )
    (fp_text value 0.1u (at 0 0) (layer F.SilkS)
      (effects (font (size 0.508 0.4572) (thickness 0.1143)))
    )
    (fp_line (start 0.50038 0.73406) (end 1.19888 0.73406) (layer F.SilkS) (width 0.11938))
    (fp_line (start -0.50038 0.73406) (end -1.19888 0.73406) (layer F.SilkS) (width 0.11938))
    (fp_line (start 0.50038 -0.73406) (end 1.19888 -0.73406) (layer F.SilkS) (width 0.11938))
    (fp_line (start -1.19888 -0.73406) (end -0.50038 -0.73406) (layer F.SilkS) (width 0.11938))
    (fp_line (start 1.23952 -0.7366) (end 1.23952 0.7366) (layer F.SilkS) (width 0.11938))
    (fp_line (start -1.23952 0.7366) (end -1.23952 -0.7366) (layer F.SilkS) (width 0.11938))
    (pad 1 smd rect (at -0.762 0 270) (size 0.635 1.143) (layers F.Cu F.Paste F.Mask)
      (net 5 /hdmitx1/DVDD1V8_FILT_DVDD))
    (pad 2 smd rect (at 0.762 0 270) (size 0.635 1.143) (layers F.Cu F.Paste F.Mask)
      (net 1 GND))
    (model smd\capacitors\C0603.wrl
      (offset (xyz 0 0 0.02539999961853028))
      (scale (xyz 0.5 0.5 0.5))
      (rotate (xyz 0 0 0))
    )
  )

  (module custom_components:SM0603_Capa_libcms (layer F.Cu) (tedit 5692B475) (tstamp 5E1CFA35)
    (at 159.466209 185.860711 270)
    (path /54FF6758/5501F614)
    (attr smd)
    (fp_text reference C10 (at -1.778 0) (layer F.SilkS)
      (effects (font (size 0.5842 0.508) (thickness 0.127)))
    )
    (fp_text value 0.1u (at 0 0) (layer F.SilkS)
      (effects (font (size 0.508 0.4572) (thickness 0.1143)))
    )
    (fp_line (start -1.23952 0.7366) (end -1.23952 -0.7366) (layer F.SilkS) (width 0.11938))
    (fp_line (start 1.23952 -0.7366) (end 1.23952 0.7366) (layer F.SilkS) (width 0.11938))
    (fp_line (start -1.19888 -0.73406) (end -0.50038 -0.73406) (layer F.SilkS) (width 0.11938))
    (fp_line (start 0.50038 -0.73406) (end 1.19888 -0.73406) (layer F.SilkS) (width 0.11938))
    (fp_line (start -0.50038 0.73406) (end -1.19888 0.73406) (layer F.SilkS) (width 0.11938))
    (fp_line (start 0.50038 0.73406) (end 1.19888 0.73406) (layer F.SilkS) (width 0.11938))
    (pad 2 smd rect (at 0.762 0 270) (size 0.635 1.143) (layers F.Cu F.Paste F.Mask)
      (net 1 GND))
    (pad 1 smd rect (at -0.762 0 270) (size 0.635 1.143) (layers F.Cu F.Paste F.Mask)
      (net 6 /hdmitx1/DVDD3V3_FILT_DVDD_3V))
    (model smd\capacitors\C0603.wrl
      (offset (xyz 0 0 0.02539999961853028))
      (scale (xyz 0.5 0.5 0.5))
      (rotate (xyz 0 0 0))
    )
  )

  (module custom_components:SM0603_Capa_libcms (layer F.Cu) (tedit 5692B475) (tstamp 5E1CFA41)
    (at 161.466209 203.810711 270)
    (path /54FF6758/5501F95D)
    (attr smd)
    (fp_text reference C11 (at -1.778 0) (layer F.SilkS)
      (effects (font (size 0.5842 0.508) (thickness 0.127)))
    )
    (fp_text value 0.1u (at 0 0) (layer F.SilkS)
      (effects (font (size 0.508 0.4572) (thickness 0.1143)))
    )
    (fp_line (start 0.50038 0.73406) (end 1.19888 0.73406) (layer F.SilkS) (width 0.11938))
    (fp_line (start -0.50038 0.73406) (end -1.19888 0.73406) (layer F.SilkS) (width 0.11938))
    (fp_line (start 0.50038 -0.73406) (end 1.19888 -0.73406) (layer F.SilkS) (width 0.11938))
    (fp_line (start -1.19888 -0.73406) (end -0.50038 -0.73406) (layer F.SilkS) (width 0.11938))
    (fp_line (start 1.23952 -0.7366) (end 1.23952 0.7366) (layer F.SilkS) (width 0.11938))
    (fp_line (start -1.23952 0.7366) (end -1.23952 -0.7366) (layer F.SilkS) (width 0.11938))
    (pad 1 smd rect (at -0.762 0 270) (size 0.635 1.143) (layers F.Cu F.Paste F.Mask)
      (net 5 /hdmitx1/DVDD1V8_FILT_DVDD))
    (pad 2 smd rect (at 0.762 0 270) (size 0.635 1.143) (layers F.Cu F.Paste F.Mask)
      (net 1 GND))
    (model smd\capacitors\C0603.wrl
      (offset (xyz 0 0 0.02539999961853028))
      (scale (xyz 0.5 0.5 0.5))
      (rotate (xyz 0 0 0))
    )
  )

  (module custom_components:SM0603_Capa_libcms (layer F.Cu) (tedit 5692B475) (tstamp 5E1CFA4D)
    (at 158.876209 203.810711 270)
    (path /54FF6758/5501F63A)
    (attr smd)
    (fp_text reference C12 (at -1.778 0) (layer F.SilkS)
      (effects (font (size 0.5842 0.508) (thickness 0.127)))
    )
    (fp_text value 0.1u (at 0 0) (layer F.SilkS)
      (effects (font (size 0.508 0.4572) (thickness 0.1143)))
    )
    (fp_line (start 0.50038 0.73406) (end 1.19888 0.73406) (layer F.SilkS) (width 0.11938))
    (fp_line (start -0.50038 0.73406) (end -1.19888 0.73406) (layer F.SilkS) (width 0.11938))
    (fp_line (start 0.50038 -0.73406) (end 1.19888 -0.73406) (layer F.SilkS) (width 0.11938))
    (fp_line (start -1.19888 -0.73406) (end -0.50038 -0.73406) (layer F.SilkS) (width 0.11938))
    (fp_line (start 1.23952 -0.7366) (end 1.23952 0.7366) (layer F.SilkS) (width 0.11938))
    (fp_line (start -1.23952 0.7366) (end -1.23952 -0.7366) (layer F.SilkS) (width 0.11938))
    (pad 1 smd rect (at -0.762 0 270) (size 0.635 1.143) (layers F.Cu F.Paste F.Mask)
      (net 7 /hdmitx1/DVDD1V8_FILT_PVDD))
    (pad 2 smd rect (at 0.762 0 270) (size 0.635 1.143) (layers F.Cu F.Paste F.Mask)
      (net 1 GND))
    (model smd\capacitors\C0603.wrl
      (offset (xyz 0 0 0.02539999961853028))
      (scale (xyz 0.5 0.5 0.5))
      (rotate (xyz 0 0 0))
    )
  )

  (module custom_components:SM0603_Capa_libcms (layer F.Cu) (tedit 5692B475) (tstamp 5E1CFA59)
    (at 156.286209 201.350711 270)
    (path /54FF6758/5501F681)
    (attr smd)
    (fp_text reference C13 (at -1.778 0) (layer F.SilkS)
      (effects (font (size 0.5842 0.508) (thickness 0.127)))
    )
    (fp_text value 0.1u (at 0 0) (layer F.SilkS)
      (effects (font (size 0.508 0.4572) (thickness 0.1143)))
    )
    (fp_line (start -1.23952 0.7366) (end -1.23952 -0.7366) (layer F.SilkS) (width 0.11938))
    (fp_line (start 1.23952 -0.7366) (end 1.23952 0.7366) (layer F.SilkS) (width 0.11938))
    (fp_line (start -1.19888 -0.73406) (end -0.50038 -0.73406) (layer F.SilkS) (width 0.11938))
    (fp_line (start 0.50038 -0.73406) (end 1.19888 -0.73406) (layer F.SilkS) (width 0.11938))
    (fp_line (start -0.50038 0.73406) (end -1.19888 0.73406) (layer F.SilkS) (width 0.11938))
    (fp_line (start 0.50038 0.73406) (end 1.19888 0.73406) (layer F.SilkS) (width 0.11938))
    (pad 2 smd rect (at 0.762 0 270) (size 0.635 1.143) (layers F.Cu F.Paste F.Mask)
      (net 1 GND))
    (pad 1 smd rect (at -0.762 0 270) (size 0.635 1.143) (layers F.Cu F.Paste F.Mask)
      (net 8 /hdmitx1/DVDD1V8_FILT_AVDD))
    (model smd\capacitors\C0603.wrl
      (offset (xyz 0 0 0.02539999961853028))
      (scale (xyz 0.5 0.5 0.5))
      (rotate (xyz 0 0 0))
    )
  )

  (module custom_components:SM0603_Capa_libcms (layer F.Cu) (tedit 5692B475) (tstamp 5E1CFA65)
    (at 165.056209 209.510711 270)
    (path /54FF6758/5501F643)
    (attr smd)
    (fp_text reference C14 (at -1.778 0) (layer F.SilkS)
      (effects (font (size 0.5842 0.508) (thickness 0.127)))
    )
    (fp_text value 0.1u (at 0 0) (layer F.SilkS)
      (effects (font (size 0.508 0.4572) (thickness 0.1143)))
    )
    (fp_line (start -1.23952 0.7366) (end -1.23952 -0.7366) (layer F.SilkS) (width 0.11938))
    (fp_line (start 1.23952 -0.7366) (end 1.23952 0.7366) (layer F.SilkS) (width 0.11938))
    (fp_line (start -1.19888 -0.73406) (end -0.50038 -0.73406) (layer F.SilkS) (width 0.11938))
    (fp_line (start 0.50038 -0.73406) (end 1.19888 -0.73406) (layer F.SilkS) (width 0.11938))
    (fp_line (start -0.50038 0.73406) (end -1.19888 0.73406) (layer F.SilkS) (width 0.11938))
    (fp_line (start 0.50038 0.73406) (end 1.19888 0.73406) (layer F.SilkS) (width 0.11938))
    (pad 2 smd rect (at 0.762 0 270) (size 0.635 1.143) (layers F.Cu F.Paste F.Mask)
      (net 1 GND))
    (pad 1 smd rect (at -0.762 0 270) (size 0.635 1.143) (layers F.Cu F.Paste F.Mask)
      (net 7 /hdmitx1/DVDD1V8_FILT_PVDD))
    (model smd\capacitors\C0603.wrl
      (offset (xyz 0 0 0.02539999961853028))
      (scale (xyz 0.5 0.5 0.5))
      (rotate (xyz 0 0 0))
    )
  )

  (module custom_components:SM0603_Capa_libcms (layer F.Cu) (tedit 5692B475) (tstamp 5E1CFA71)
    (at 158.876209 196.630711 270)
    (path /54FF6758/5501F60B)
    (attr smd)
    (fp_text reference C15 (at -1.778 0) (layer F.SilkS)
      (effects (font (size 0.5842 0.508) (thickness 0.127)))
    )
    (fp_text value 0.1u (at 0 0) (layer F.SilkS)
      (effects (font (size 0.508 0.4572) (thickness 0.1143)))
    )
    (fp_line (start -1.23952 0.7366) (end -1.23952 -0.7366) (layer F.SilkS) (width 0.11938))
    (fp_line (start 1.23952 -0.7366) (end 1.23952 0.7366) (layer F.SilkS) (width 0.11938))
    (fp_line (start -1.19888 -0.73406) (end -0.50038 -0.73406) (layer F.SilkS) (width 0.11938))
    (fp_line (start 0.50038 -0.73406) (end 1.19888 -0.73406) (layer F.SilkS) (width 0.11938))
    (fp_line (start -0.50038 0.73406) (end -1.19888 0.73406) (layer F.SilkS) (width 0.11938))
    (fp_line (start 0.50038 0.73406) (end 1.19888 0.73406) (layer F.SilkS) (width 0.11938))
    (pad 2 smd rect (at 0.762 0 270) (size 0.635 1.143) (layers F.Cu F.Paste F.Mask)
      (net 1 GND))
    (pad 1 smd rect (at -0.762 0 270) (size 0.635 1.143) (layers F.Cu F.Paste F.Mask)
      (net 8 /hdmitx1/DVDD1V8_FILT_AVDD))
    (model smd\capacitors\C0603.wrl
      (offset (xyz 0 0 0.02539999961853028))
      (scale (xyz 0.5 0.5 0.5))
      (rotate (xyz 0 0 0))
    )
  )

  (module custom_components:SM0603_Capa_libcms (layer F.Cu) (tedit 5692B475) (tstamp 5E1CFA7D)
    (at 175.416209 209.510711 270)
    (path /54FF6758/5A3D2490)
    (attr smd)
    (fp_text reference C16 (at -1.778 0) (layer F.SilkS)
      (effects (font (size 0.5842 0.508) (thickness 0.127)))
    )
    (fp_text value 10u (at 0 0) (layer F.SilkS)
      (effects (font (size 0.508 0.4572) (thickness 0.1143)))
    )
    (fp_line (start -1.23952 0.7366) (end -1.23952 -0.7366) (layer F.SilkS) (width 0.11938))
    (fp_line (start 1.23952 -0.7366) (end 1.23952 0.7366) (layer F.SilkS) (width 0.11938))
    (fp_line (start -1.19888 -0.73406) (end -0.50038 -0.73406) (layer F.SilkS) (width 0.11938))
    (fp_line (start 0.50038 -0.73406) (end 1.19888 -0.73406) (layer F.SilkS) (width 0.11938))
    (fp_line (start -0.50038 0.73406) (end -1.19888 0.73406) (layer F.SilkS) (width 0.11938))
    (fp_line (start 0.50038 0.73406) (end 1.19888 0.73406) (layer F.SilkS) (width 0.11938))
    (pad 2 smd rect (at 0.762 0 270) (size 0.635 1.143) (layers F.Cu F.Paste F.Mask)
      (net 1 GND))
    (pad 1 smd rect (at -0.762 0 270) (size 0.635 1.143) (layers F.Cu F.Paste F.Mask)
      (net 7 /hdmitx1/DVDD1V8_FILT_PVDD))
    (model smd\capacitors\C0603.wrl
      (offset (xyz 0 0 0.02539999961853028))
      (scale (xyz 0.5 0.5 0.5))
      (rotate (xyz 0 0 0))
    )
  )

  (module custom_components:SM0603_Capa_libcms (layer F.Cu) (tedit 5692B475) (tstamp 5E1CFA89)
    (at 162.056209 189.450711 270)
    (path /54FF6758/5501F68A)
    (attr smd)
    (fp_text reference C17 (at -1.778 0) (layer F.SilkS)
      (effects (font (size 0.5842 0.508) (thickness 0.127)))
    )
    (fp_text value 0.1u (at 0 0) (layer F.SilkS)
      (effects (font (size 0.508 0.4572) (thickness 0.1143)))
    )
    (fp_line (start 0.50038 0.73406) (end 1.19888 0.73406) (layer F.SilkS) (width 0.11938))
    (fp_line (start -0.50038 0.73406) (end -1.19888 0.73406) (layer F.SilkS) (width 0.11938))
    (fp_line (start 0.50038 -0.73406) (end 1.19888 -0.73406) (layer F.SilkS) (width 0.11938))
    (fp_line (start -1.19888 -0.73406) (end -0.50038 -0.73406) (layer F.SilkS) (width 0.11938))
    (fp_line (start 1.23952 -0.7366) (end 1.23952 0.7366) (layer F.SilkS) (width 0.11938))
    (fp_line (start -1.23952 0.7366) (end -1.23952 -0.7366) (layer F.SilkS) (width 0.11938))
    (pad 1 smd rect (at -0.762 0 270) (size 0.635 1.143) (layers F.Cu F.Paste F.Mask)
      (net 8 /hdmitx1/DVDD1V8_FILT_AVDD))
    (pad 2 smd rect (at 0.762 0 270) (size 0.635 1.143) (layers F.Cu F.Paste F.Mask)
      (net 1 GND))
    (model smd\capacitors\C0603.wrl
      (offset (xyz 0 0 0.02539999961853028))
      (scale (xyz 0.5 0.5 0.5))
      (rotate (xyz 0 0 0))
    )
  )

  (module custom_components:SM0603_Capa_libcms (layer F.Cu) (tedit 5692B475) (tstamp 5E1CFA95)
    (at 164.646209 191.490711 270)
    (path /54FF6758/5A3D3C08)
    (attr smd)
    (fp_text reference C18 (at -1.778 0) (layer F.SilkS)
      (effects (font (size 0.5842 0.508) (thickness 0.127)))
    )
    (fp_text value 10u (at 0 0) (layer F.SilkS)
      (effects (font (size 0.508 0.4572) (thickness 0.1143)))
    )
    (fp_line (start 0.50038 0.73406) (end 1.19888 0.73406) (layer F.SilkS) (width 0.11938))
    (fp_line (start -0.50038 0.73406) (end -1.19888 0.73406) (layer F.SilkS) (width 0.11938))
    (fp_line (start 0.50038 -0.73406) (end 1.19888 -0.73406) (layer F.SilkS) (width 0.11938))
    (fp_line (start -1.19888 -0.73406) (end -0.50038 -0.73406) (layer F.SilkS) (width 0.11938))
    (fp_line (start 1.23952 -0.7366) (end 1.23952 0.7366) (layer F.SilkS) (width 0.11938))
    (fp_line (start -1.23952 0.7366) (end -1.23952 -0.7366) (layer F.SilkS) (width 0.11938))
    (pad 1 smd rect (at -0.762 0 270) (size 0.635 1.143) (layers F.Cu F.Paste F.Mask)
      (net 8 /hdmitx1/DVDD1V8_FILT_AVDD))
    (pad 2 smd rect (at 0.762 0 270) (size 0.635 1.143) (layers F.Cu F.Paste F.Mask)
      (net 1 GND))
    (model smd\capacitors\C0603.wrl
      (offset (xyz 0 0 0.02539999961853028))
      (scale (xyz 0.5 0.5 0.5))
      (rotate (xyz 0 0 0))
    )
  )

  (module custom_components:SM0603_Capa_libcms (layer F.Cu) (tedit 5692B475) (tstamp 5E1CFAA1)
    (at 172.826209 209.510711 270)
    (path /54FF6758/5501F64D)
    (attr smd)
    (fp_text reference C19 (at -1.778 0) (layer F.SilkS)
      (effects (font (size 0.5842 0.508) (thickness 0.127)))
    )
    (fp_text value 0.1u (at 0 0) (layer F.SilkS)
      (effects (font (size 0.508 0.4572) (thickness 0.1143)))
    )
    (fp_line (start 0.50038 0.73406) (end 1.19888 0.73406) (layer F.SilkS) (width 0.11938))
    (fp_line (start -0.50038 0.73406) (end -1.19888 0.73406) (layer F.SilkS) (width 0.11938))
    (fp_line (start 0.50038 -0.73406) (end 1.19888 -0.73406) (layer F.SilkS) (width 0.11938))
    (fp_line (start -1.19888 -0.73406) (end -0.50038 -0.73406) (layer F.SilkS) (width 0.11938))
    (fp_line (start 1.23952 -0.7366) (end 1.23952 0.7366) (layer F.SilkS) (width 0.11938))
    (fp_line (start -1.23952 0.7366) (end -1.23952 -0.7366) (layer F.SilkS) (width 0.11938))
    (pad 1 smd rect (at -0.762 0 270) (size 0.635 1.143) (layers F.Cu F.Paste F.Mask)
      (net 4 /hdmitx1/DVDD1V8))
    (pad 2 smd rect (at 0.762 0 270) (size 0.635 1.143) (layers F.Cu F.Paste F.Mask)
      (net 1 GND))
    (model smd\capacitors\C0603.wrl
      (offset (xyz 0 0 0.02539999961853028))
      (scale (xyz 0.5 0.5 0.5))
      (rotate (xyz 0 0 0))
    )
  )

  (module custom_components:SM0603_Capa_libcms (layer F.Cu) (tedit 5692B475) (tstamp 5E1CFAAD)
    (at 164.646209 187.900711 270)
    (path /54FF6758/5501F5E4)
    (attr smd)
    (fp_text reference C20 (at -1.778 0) (layer F.SilkS)
      (effects (font (size 0.5842 0.508) (thickness 0.127)))
    )
    (fp_text value 0.1u (at 0 0) (layer F.SilkS)
      (effects (font (size 0.508 0.4572) (thickness 0.1143)))
    )
    (fp_line (start 0.50038 0.73406) (end 1.19888 0.73406) (layer F.SilkS) (width 0.11938))
    (fp_line (start -0.50038 0.73406) (end -1.19888 0.73406) (layer F.SilkS) (width 0.11938))
    (fp_line (start 0.50038 -0.73406) (end 1.19888 -0.73406) (layer F.SilkS) (width 0.11938))
    (fp_line (start -1.19888 -0.73406) (end -0.50038 -0.73406) (layer F.SilkS) (width 0.11938))
    (fp_line (start 1.23952 -0.7366) (end 1.23952 0.7366) (layer F.SilkS) (width 0.11938))
    (fp_line (start -1.23952 0.7366) (end -1.23952 -0.7366) (layer F.SilkS) (width 0.11938))
    (pad 1 smd rect (at -0.762 0 270) (size 0.635 1.143) (layers F.Cu F.Paste F.Mask)
      (net 4 /hdmitx1/DVDD1V8))
    (pad 2 smd rect (at 0.762 0 270) (size 0.635 1.143) (layers F.Cu F.Paste F.Mask)
      (net 1 GND))
